448	503	1356	518	1359	785	444	765	본도시락
204	546	306	546	306	582	204	582	Bon
1431	595	1591	601	1589	655	1429	649	Home
1599	604	1785	604	1785	652	1599	652	service
1448	655	1520	656	1521	688	1449	688	양재
1537	666	1783	666	1783	720	1537	720	2057.4282
1434	693	1533	693	1533	735	1434	735	중앙점
1447	1131	1522	1131	1520	1158	1447	1159	CESCO
551	1183	611	1186	611	1217	550	1215	No.1
426	1220	474	1223	473	1252	426	1251	배달
549	1222	609	1224	609	1257	549	1255	No.1
574	1146	614	1146	614	1161	574	1161	본도시락
428	1183	475	1184	474	1214	427	1212	단체
479	1182	549	1184	548	1214	478	1214	도시락
476	1221	546	1224	545	1255	475	1253	도시락
1448	1205	1513	1205	1513	1216	1448	1216	세스코멤버스Zone
1485	1187	1529	1162	1523	1151	1474	1171	members
